x			y			K1			K2
-2.600	1.700000	-0.000500	-0.000506
-2.606	1.699497	-0.000506	-0.000511
-2.613	1.698988	-0.000511	-0.000517
-2.619	1.698474	-0.000517	-0.000523
-2.625	1.697954	-0.000523	-0.000529
-2.631	1.697428	-0.000529	-0.000535
-2.638	1.696897	-0.000535	-0.000541
-2.644	1.696359	-0.000541	-0.000547
-2.650	1.695815	-0.000547	-0.000553
-2.656	1.695265	-0.000553	-0.000559
-2.663	1.694709	-0.000559	-0.000566
-2.669	1.694147	-0.000566	-0.000572
-2.675	1.693578	-0.000572	-0.000579
-2.681	1.693003	-0.000579	-0.000585
-2.688	1.692421	-0.000585	-0.000592
-2.694	1.691833	-0.000592	-0.000599
-2.700	1.691237	-0.000599	-0.000606
-2.706	1.690635	-0.000606	-0.000612
-2.713	1.690026	-0.000612	-0.000620
-2.719	1.689410	-0.000620	-0.000627
-2.725	1.688787	-0.000627	-0.000634
-2.731	1.688157	-0.000634	-0.000641
-2.738	1.687519	-0.000641	-0.000649
-2.744	1.686874	-0.000649	-0.000656
-2.750	1.686222	-0.000656	-0.000664
-2.756	1.685562	-0.000664	-0.000671
-2.763	1.684894	-0.000671	-0.000679
-2.769	1.684219	-0.000679	-0.000687
-2.775	1.683536	-0.000687	-0.000695
-2.781	1.682845	-0.000695	-0.000703
-2.788	1.682146	-0.000703	-0.000711
-2.794	1.681439	-0.000711	-0.000719
-2.800	1.680724	-0.000719	-0.000728
-2.806	1.680001	-0.000728	-0.000736
-2.813	1.679269	-0.000736	-0.000744
-2.819	1.678529	-0.000744	-0.000753
-2.825	1.677780	-0.000753	-0.000762
-2.831	1.677023	-0.000762	-0.000770
-2.838	1.676257	-0.000770	-0.000779
-2.844	1.675482	-0.000779	-0.000788
-2.850	1.674698	-0.000788	-0.000797
-2.856	1.673906	-0.000797	-0.000806
-2.863	1.673104	-0.000806	-0.000815
-2.869	1.672294	-0.000815	-0.000825
-2.875	1.671474	-0.000825	-0.000834
-2.881	1.670645	-0.000834	-0.000843
-2.888	1.669806	-0.000843	-0.000853
-2.894	1.668958	-0.000853	-0.000862
-2.900	1.668100	-0.000862	-0.000872
-2.906	1.667233	-0.000872	-0.000882
-2.913	1.666356	-0.000882	-0.000892
-2.919	1.665469	-0.000892	-0.000902
-2.925	1.664572	-0.000902	-0.000912
-2.931	1.663666	-0.000912	-0.000922
-2.938	1.662749	-0.000922	-0.000932
-2.944	1.661822	-0.000932	-0.000943
-2.950	1.660884	-0.000943	-0.000953
-2.956	1.659937	-0.000953	-0.000963
-2.963	1.658978	-0.000963	-0.000974
-2.969	1.658010	-0.000974	-0.000985
-2.975	1.657030	-0.000985	-0.000995
-2.981	1.656040	-0.000995	-0.001006
-2.988	1.655039	-0.001006	-0.001017
-2.994	1.654028	-0.001017	-0.001028
-3.000	1.653005	-0.001028	-0.001039
-3.006	1.651971	-0.001039	-0.001051
-3.013	1.650926	-0.001051	-0.001062
-3.019	1.649870	-0.001062	-0.001073
-3.025	1.648802	-0.001073	-0.001085
-3.031	1.647723	-0.001085	-0.001096
-3.038	1.646633	-0.001096	-0.001108
-3.044	1.645531	-0.001108	-0.001120
-3.050	1.644417	-0.001120	-0.001131
-3.056	1.643291	-0.001132	-0.001143
-3.063	1.642154	-0.001143	-0.001155
-3.069	1.641004	-0.001155	-0.001168
-3.075	1.639843	-0.001168	-0.001180
-3.081	1.638669	-0.001180	-0.001192
-3.088	1.637484	-0.001192	-0.001204
-3.094	1.636285	-0.001204	-0.001217
-3.100	1.635075	-0.001217	-0.001229
-3.106	1.633852	-0.001229	-0.001242
-3.113	1.632616	-0.001242	-0.001255
-3.119	1.631368	-0.001255	-0.001267
-3.125	1.630107	-0.001267	-0.001280
-3.131	1.628833	-0.001280	-0.001293
-3.138	1.627546	-0.001293	-0.001306
-3.144	1.626246	-0.001306	-0.001319
-3.150	1.624934	-0.001320	-0.001333
-3.156	1.623607	-0.001333	-0.001346
-3.163	1.622268	-0.001346	-0.001359
-3.169	1.620915	-0.001359	-0.001373
-3.175	1.619549	-0.001373	-0.001387
-3.181	1.618169	-0.001387	-0.001400
-3.188	1.616776	-0.001400	-0.001414
-3.194	1.615369	-0.001414	-0.001428
-3.200	1.613948	-0.001428	-0.001442
-3.206	1.612513	-0.001442	-0.001456
-3.213	1.611064	-0.001456	-0.001470
-3.219	1.609601	-0.001470	-0.001484
-3.225	1.608124	-0.001484	-0.001498
-3.231	1.606633	-0.001498	-0.001513
-3.238	1.605127	-0.001513	-0.001527
-3.244	1.603607	-0.001527	-0.001542
-3.250	1.602072	-0.001542	-0.001557
-3.256	1.600523	-0.001557	-0.001571
-3.263	1.598959	-0.001571	-0.001586
-3.269	1.597381	-0.001586	-0.001601
-3.275	1.595787	-0.001601	-0.001616
-3.281	1.594179	-0.001616	-0.001631
-3.288	1.592555	-0.001631	-0.001646
-3.294	1.590916	-0.001646	-0.001661
-3.300	1.589263	-0.001661	-0.001677
-3.306	1.587593	-0.001677	-0.001692
-3.313	1.585909	-0.001692	-0.001708
-3.319	1.584209	-0.001708	-0.001723
-3.325	1.582493	-0.001723	-0.001739
-3.331	1.580762	-0.001739	-0.001755
-3.338	1.579015	-0.001755	-0.001771
-3.344	1.577252	-0.001771	-0.001787
-3.350	1.575474	-0.001787	-0.001803
-3.356	1.573679	-0.001803	-0.001819
-3.363	1.571868	-0.001819	-0.001835
-3.369	1.570041	-0.001835	-0.001851
-3.375	1.568198	-0.001851	-0.001868
-3.381	1.566339	-0.001868	-0.001884
-3.388	1.564463	-0.001884	-0.001901
-3.394	1.562570	-0.001901	-0.001917
-3.400	1.560661	-0.001917	-0.001934
-3.406	1.558736	-0.001934	-0.001951
-3.413	1.556793	-0.001951	-0.001968
-3.419	1.554834	-0.001968	-0.001985
-3.425	1.552858	-0.001985	-0.002002
-3.431	1.550864	-0.002002	-0.002019
-3.438	1.548854	-0.002019	-0.002036
-3.444	1.546826	-0.002036	-0.002054
-3.450	1.544782	-0.002054	-0.002071
-3.456	1.542719	-0.002071	-0.002088
-3.463	1.540640	-0.002088	-0.002106
-3.469	1.538543	-0.002106	-0.002124
-3.475	1.536428	-0.002124	-0.002141
-3.481	1.534295	-0.002141	-0.002159
-3.488	1.532145	-0.002159	-0.002177
-3.494	1.529977	-0.002177	-0.002195
-3.500	1.527791	-0.002195	-0.002213
-3.506	1.525586	-0.002213	-0.002231
-3.513	1.523364	-0.002231	-0.002250
-3.519	1.521124	-0.002250	-0.002268
-3.525	1.518865	-0.002268	-0.002286
-3.531	1.516588	-0.002286	-0.002305
-3.538	1.514292	-0.002305	-0.002323
-3.544	1.511978	-0.002323	-0.002342
-3.550	1.509645	-0.002342	-0.002361
-3.556	1.507294	-0.002361	-0.002380
-3.563	1.504923	-0.002380	-0.002399
-3.569	1.502534	-0.002399	-0.002418
-3.575	1.500126	-0.002418	-0.002437
-3.581	1.497699	-0.002437	-0.002456
-3.588	1.495253	-0.002456	-0.002475
-3.594	1.492787	-0.002475	-0.002494
-3.600	1.490302	-0.002494	-0.002514
-3.606	1.487798	-0.002514	-0.002533
-3.613	1.485275	-0.002533	-0.002553
-3.619	1.482732	-0.002553	-0.002573
-3.625	1.480169	-0.002573	-0.002592
-3.631	1.477586	-0.002592	-0.002612
-3.638	1.474984	-0.002612	-0.002632
-3.644	1.472362	-0.002632	-0.002652
-3.650	1.469720	-0.002652	-0.002672
-3.656	1.467058	-0.002672	-0.002692
-3.663	1.464376	-0.002692	-0.002712
-3.669	1.461673	-0.002712	-0.002733
-3.675	1.458951	-0.002733	-0.002753
-3.681	1.456208	-0.002753	-0.002774
-3.688	1.453444	-0.002774	-0.002794
-3.694	1.450661	-0.002794	-0.002815
-3.700	1.447856	-0.002815	-0.002836
-3.706	1.445031	-0.002836	-0.002856
-3.713	1.442185	-0.002856	-0.002877
-3.719	1.439318	-0.002877	-0.002898
-3.725	1.436431	-0.002898	-0.002919
-3.731	1.433522	-0.002919	-0.002940
-3.738	1.430592	-0.002940	-0.002961
-3.744	1.427641	-0.002961	-0.002983
-3.750	1.424669	-0.002983	-0.003004
-3.756	1.421676	-0.003004	-0.003025
-3.763	1.418661	-0.003025	-0.003047
-3.769	1.415625	-0.003047	-0.003069
-3.775	1.412567	-0.003069	-0.003090
-3.781	1.409488	-0.003090	-0.003112
-3.788	1.406387	-0.003112	-0.003134
-3.794	1.403264	-0.003134	-0.003156
