+----------------------------------------------------------------------------------------+
|                          Метод половинного деления (x_1)                               |
+-----------+----------+----------+------------+------------+---------------+------------+
|    a_1    |    c_1   |   b_1    |   f(a_1)   |   f(c_1)   | f(a_1)*f(c_1) | (b_1-a_1)/2|
+-----------+----------+----------+------------+------------+---------------+------------+
| -10.00000 | -7.50000 | -5.00000 |   22.40591 |   -5.61052 |    -125.70882 |    2.50000 |
| -10.00000 | -8.75000 | -7.50000 |   22.40591 |    4.23264 |      94.83611 |    1.25000 |
|  -8.75000 | -8.12500 | -7.50000 |    4.23264 |   -2.27844 |      -9.64380 |    0.62500 |
|  -8.75000 | -8.43750 | -8.12500 |    4.23264 |    0.61702 |       2.61164 |    0.31250 |
|  -8.43750 | -8.28125 | -8.12500 |    0.61702 |   -0.92789 |      -0.57253 |    0.15625 |
|  -8.43750 | -8.35938 | -8.28125 |    0.61702 |   -0.17898 |      -0.11043 |    0.07812 |
|  -8.43750 | -8.39844 | -8.35938 |    0.61702 |    0.21324 |       0.13158 |    0.03906 |
|  -8.39844 | -8.37891 | -8.35938 |    0.21324 |    0.01567 |       0.00334 |    0.01953 |
|  -8.37891 | -8.36914 | -8.35938 |    0.01567 |   -0.08202 |      -0.00129 |    0.00977 |
|  -8.37891 | -8.37402 | -8.36914 |    0.01567 |   -0.03326 |      -0.00052 |    0.00488 |
|  -8.37891 | -8.37646 | -8.37402 |    0.01567 |   -0.00882 |      -0.00014 |    0.00244 |
|  -8.37891 | -8.37769 | -8.37646 |    0.01567 |    0.00342 |       0.00005 |    0.00122 |
|  -8.37769 | -8.37708 | -8.37646 |    0.00342 |   -0.00270 |      -0.00001 |    0.00061 |
|  -8.37769 | -8.37738 | -8.37708 |    0.00342 |    0.00036 |       0.00000 |    0.00031 |
|  -8.37738 | -8.37723 | -8.37708 |    0.00036 |   -0.00117 |      -0.00000 |    0.00015 |
|  -8.37738 | -8.37730 | -8.37723 |    0.00036 |   -0.00040 |      -0.00000 |    0.00008 |
|  -8.37738 | -8.37734 | -8.37730 |    0.00036 |   -0.00002 |      -0.00000 |    0.00004 |
|  -8.37738 | -8.37736 | -8.37734 |    0.00036 |    0.00017 |       0.00000 |    0.00002 |
|  -8.37736 | -8.37735 | -8.37734 |    0.00017 |    0.00007 |       0.00000 |    0.00001 |
+-----------+----------+----------+------------+------------+---------------+------------+
+----------------------------------------------------------------------------------------+
|                          Метод половинного деления (x_2)                               |
+-----------+----------+----------+------------+------------+---------------+------------+
|    a_1    |    c_1   |   b_1    |   f(a_1)   |   f(c_1)   | f(a_1)*f(c_1) | (b_1-a_1)/2|
+-----------+----------+----------+------------+------------+---------------+------------+
|  -1.00000 |  1.50000 |  4.00000 |  -10.46432 |   15.87924 |    -166.16549 |    2.50000 |
|  -1.00000 |  0.25000 |  1.50000 |  -10.46432 |    2.89545 |     -30.29892 |    1.25000 |
|  -1.00000 | -0.37500 |  0.25000 |  -10.46432 |   -4.55091 |      47.62217 |    0.62500 |
|  -0.37500 | -0.06250 |  0.25000 |   -4.55091 |   -0.91521 |       4.16504 |    0.31250 |
|  -0.06250 |  0.09375 |  0.25000 |   -0.91521 |    0.98208 |      -0.89881 |    0.15625 |
|  -0.06250 |  0.01562 |  0.09375 |   -0.91521 |    0.02969 |      -0.02717 |    0.07812 |
|  -0.06250 | -0.02344 |  0.01562 |   -0.91521 |   -0.44391 |       0.40627 |    0.03906 |
|  -0.02344 | -0.00391 |  0.01562 |   -0.44391 |   -0.20737 |       0.09206 |    0.01953 |
|  -0.00391 |  0.00586 |  0.01562 |   -0.20737 |   -0.08890 |       0.01844 |    0.00977 |
|   0.00586 |  0.01074 |  0.01562 |   -0.08890 |   -0.02962 |       0.00263 |    0.00488 |
|   0.01074 |  0.01318 |  0.01562 |   -0.02962 |    0.00003 |      -0.00000 |    0.00244 |
|   0.01074 |  0.01196 |  0.01318 |   -0.02962 |   -0.01480 |       0.00044 |    0.00122 |
|   0.01196 |  0.01257 |  0.01318 |   -0.01480 |   -0.00738 |       0.00011 |    0.00061 |
|   0.01257 |  0.01288 |  0.01318 |   -0.00738 |   -0.00368 |       0.00003 |    0.00031 |
|   0.01288 |  0.01303 |  0.01318 |   -0.00368 |   -0.00182 |       0.00001 |    0.00015 |
|   0.01303 |  0.01311 |  0.01318 |   -0.00182 |   -0.00090 |       0.00000 |    0.00008 |
|   0.01311 |  0.01315 |  0.01318 |   -0.00090 |   -0.00043 |       0.00000 |    0.00004 |
|   0.01315 |  0.01316 |  0.01318 |   -0.00043 |   -0.00020 |       0.00000 |    0.00002 |
|   0.01316 |  0.01317 |  0.01318 |   -0.00020 |   -0.00009 |       0.00000 |    0.00001 |
+-----------+----------+----------+------------+------------+---------------+------------+
